392,130,1812,5,0,0:0:0:0:
439,208,1969,1,0,0:0:0:0:
484,129,2127,1,0,0:0:0:0:
435,242,2285,2,0,L|283:237,1,152.999995330811
251,87,3075,2,0,P|327:90|392:130,2,152.999995330811
137,188,4338,5,0,0:0:0:0:
125,97,4496,1,0,0:0:0:0:
34,109,4654,1,0,0:0:0:0:
46,200,4812,1,0,0:0:0:0:
46,200,5127,1,0,0:0:0:0:
183,25,5285,1,0,0:0:0:0:
392,130,5601,2,0,P|316:127|251:87,1,152.999995330811
381,30,6233,2,0,P|395:79|392:130,1,101.999996887207
256,315,6864,6,0,B|289:275|289:275|300:175,2,152.999995330811
137,188,8127,1,0,0:0:0:0:
319,210,8443,1,0,0:0:0:0:
137,188,8759,1,0,0:0:0:0:
319,210,9075,1,0,0:0:0:0:
130,289,9390,6,0,L|137:174,1,101.999996887207
86,365,9864,2,0,L|95:212,1,152.999995330811
279,297,10654,2,0,B|204:308|204:308|130:289,2,152.999995330811
148,27,11917,6,0,P|117:104|135:186,1,170
134,187,12312,1,0,0:0:0:0:
134,187,12390,1,0,0:0:0:0:
330,108,12548,2,0,L|246:115,1,85
63,20,12864,2,0,L|147:26,1,85
49,235,13180,6,0,B|20:153|20:153|30:69,1,170
134,187,13654,2,0,L|141:271,1,85
186,111,13969,1,0,0:0:0:0:
49,235,14127,1,0,0:0:0:0:
156,326,14285,1,0,0:0:0:0:
293,201,14443,6,0,P|334:195|376:201,1,85
477,269,14759,1,0,0:0:0:0:
255,168,14917,2,0,P|338:168|410:212,1,170
244,364,15390,2,0,L|247:267,1,85
253,61,15706,5,0,0:0:0:0:
155,216,15864,1,0,0:0:0:0:
155,216,15943,1,0,0:0:0:0:
154,215,16022,2,0,P|135:176|105:147,1,85
293,201,16338,2,0,P|311:162|341:133,1,85
232,282,16654,1,0,0:0:0:0:
170,87,16812,1,0,0:0:0:0:
1,234,16969,6,0,P|81:254|154:215,1,170
331,301,17443,2,0,L|340:131,1,170
224,271,17917,2,0,L|219:355,1,85
227,366,18154,1,0,0:0:0:0:
227,366,18233,6,0,P|309:349|389:373,1,170
224,271,18706,2,0,B|198:189|198:189|218:107,1,170
69,221,19180,2,0,L|153:214,1,85
337,203,19496,5,0,0:0:0:0:
218,107,19654,1,0,0:0:0:0:
349,178,19812,1,0,0:0:0:0:
242,91,19969,1,0,0:0:0:0:
400,21,20127,5,0,0:0:0:0:
328,79,20285,1,0,0:0:0:0:
409,39,20443,1,0,0:0:0:0:
346,91,20601,1,0,0:0:0:0:
488,63,20759,5,0,0:0:0:0:
496,71,21233,1,0,0:0:0:0:
496,71,21312,1,0,0:0:0:0:
496,71,21390,1,0,0:0:0:0:
512,373,22022,5,0,0:0:0:0:
459,154,22338,1,0,0:0:0:0:
459,154,22496,2,0,L|465:255,1,101.999996887207
512,372,22969,1,0,0:0:0:0:
220,217,23285,5,0,0:0:0:0:
151,289,23443,1,0,0:0:0:0:
61,245,23601,1,0,0:0:0:0:
76,147,23759,1,0,0:0:0:0:
174,129,23917,5,0,0:0:0:0:
102,376,24233,1,0,0:0:0:0:
321,217,24548,6,0,P|270:211|220:217,1,101.999996887207
102,376,25022,1,0,0:0:0:0:
101,376,25496,2,0,P|188:252|193:101,1,305.999990661621
265,34,26601,1,0,0:0:0:0:
76,147,26759,1,0,0:0:0:0:
68,196,27075,5,0,0:0:0:0:
314,50,27233,1,0,0:0:0:0:
314,50,27548,2,0,P|389:57|456:23,1,152.999995330811
344,340,28338,5,0,0:0:0:0:
390,253,28496,1,0,0:0:0:0:
262,292,28654,1,0,0:0:0:0:
345,239,28812,1,0,0:0:0:0:
213,209,28969,5,0,0:0:0:0:
313,205,29127,1,0,0:0:0:0:
213,113,29285,1,0,0:0:0:0:
301,159,29443,1,0,0:0:0:0:
167,292,29601,6,0,P|118:307|69:295,1,101.999996887207
115,207,30075,2,0,L|119:364,1,152.999995330811
313,205,31022,5,0,0:0:0:0:
345,239,31180,1,0,0:0:0:0:
390,253,31338,1,0,0:0:0:0:
213,113,31496,5,0,0:0:0:0:
262,292,31654,1,0,0:0:0:0:
213,209,31812,1,0,0:0:0:0:
344,340,31969,1,0,0:0:0:0:
439,340,32127,5,0,0:0:0:0:
439,44,32285,1,0,0:0:0:0:
439,44,32601,2,0,L|286:44,1,152.999995330811
397,230,33390,5,0,0:0:0:0:
468,138,33548,2,0,P|469:112|466:87,1,50.9999984436036
512,244,33864,1,0,0:0:0:0:
262,291,34022,2,0,P|299:257|347:244,1,101.999996887207
492,369,34654,5,0,0:0:0:0:
324,96,35127,1,0,0:0:0:0:
324,96,35285,1,0,0:0:0:0:
262,290,35601,2,0,P|225:302|188:300,1,76.4999976654053
147,269,35917,6,0,B|142:216|142:216|155:168,1,101.999996887207
241,136,36390,1,0,0:0:0:0:
389,252,36548,2,0,B|394:305|394:305|381:353,1,101.999996887207
160,297,37180,5,0,0:0:0:0:
160,297,37338,2,0,L|261:291,1,101.999996887207
380,161,37812,2,0,L|278:159,1,101.999996887207
160,297,38443,5,0,0:0:0:0:
264,321,38601,1,0,0:0:0:0:
356,266,38759,1,0,0:0:0:0:
380,161,38917,1,0,0:0:0:0:
221,44,39075,5,0,0:0:0:0:
324,69,39233,1,0,0:0:0:0:
129,101,39390,1,0,0:0:0:0:
104,205,39548,1,0,0:0:0:0:
356,266,39706,6,0,B|395:305|401:355|401:355|423:341|429:313,1,152.999995330811
272,163,40338,1,0,0:0:0:0:
141,339,40654,1,0,0:0:0:0:
25,76,40969,5,0,0:0:0:0:
152,27,41127,1,0,0:0:0:0:
25,76,41285,1,0,0:0:0:0:
218,137,41443,1,0,0:0:0:0:
25,76,41601,5,0,0:0:0:0:
104,205,41759,1,0,0:0:0:0:
152,27,41917,1,0,0:0:0:0:
118,113,42075,1,0,0:0:0:0:
264,321,42233,6,0,L|446:310,1,170
305,213,42706,1,0,0:0:0:0:
181,378,42864,2,0,L|351:368,1,170
92,333,43338,5,0,0:0:0:0:
420,192,43654,1,0,0:0:0:0:
420,192,43812,1,0,0:0:0:0:
25,76,44127,1,0,0:0:0:0:
97,164,44285,1,0,0:0:0:0:
143,58,44443,2,0,P|81:49|24:75,1,127.5
141,198,44759,6,0,B|225:184|225:184|305:213,1,170
214,286,45233,1,0,0:0:0:0:
286,98,45390,1,0,0:0:0:0:
141,198,45548,1,0,0:0:0:0:
288,66,45706,1,0,0:0:0:0:
143,234,45864,1,0,0:0:0:0:
143,234,46180,5,0,0:0:0:0:
141,198,46338,1,0,0:0:0:0:
139,162,46496,1,0,0:0:0:0:
288,66,46654,1,0,0:0:0:0:
78,98,46812,1,0,0:0:0:0:
281,227,46969,1,0,0:0:0:0:
48,252,47127,1,0,0:0:0:0:
364,294,47285,6,0,B|303:249|235:271|235:271|251:240|251:240|280:226,1,204
281,380,47917,2,0,L|145:372,1,136
306,74,48548,5,0,0:0:0:0:
353,313,48706,1,0,0:0:0:0:
354,169,48864,2,0,L|332:194,2,34
220,215,49180,5,0,0:0:0:0:
470,153,49338,1,0,0:0:0:0:
345,281,49496,1,0,0:0:0:0:
298,106,49654,1,0,0:0:0:0:
440,345,49812,6,0,B|479:288|479:288|470:153,1,204
298,106,50443,2,0,L|307:241,1,136
335,142,50838,1,0,0:0:0:0:
362,43,50917,6,0,B|262:76|209:35|209:35|251:26,1,204
345,281,51548,1,0,0:0:0:0:
372,182,51627,1,0,0:0:0:0:
400,83,51706,1,0,0:0:0:0:
471,209,51864,1,0,0:0:0:0:
273,154,52022,1,0,0:0:0:0:
45,346,52338,6,0,P|108:337|153:294,1,127.5
165,258,52654,1,0,0:0:0:0:
236,318,52812,1,0,0:0:0:0:
182,224,52969,5,0,0:0:0:0:
267,296,53127,1,0,0:0:0:0:
199,190,53285,5,0,0:0:0:0:
298,274,53443,1,0,0:0:0:0:
257,215,53522,1,0,0:0:0:0:
216,156,53601,5,0,0:0:0:0:
329,252,53759,1,0,0:0:0:0:
233,122,53917,5,0,0:0:0:0:
360,230,54075,1,0,0:0:0:0:
250,88,54233,5,0,0:0:0:0:
391,208,54390,1,0,0:0:0:0:
267,54,54548,5,0,0:0:0:0:
422,186,54706,1,0,0:0:0:0:
353,103,54785,1,0,0:0:0:0:
283,20,54864,6,0,P|201:5|125:39,1,170
50,198,55338,2,0,L|43:155,1,42.5
179,357,55496,2,0,L|186:314,1,42.5
312,217,55654,2,0,L|305:174,1,42.5
441,376,55812,2,0,L|448:333,1,42.5
493,101,55969,5,0,0:0:0:0:
256,192,56048,12,0,56680,0:0:0:0:
6,376,56759,6,0,B|18:335|18:335|43:369,1,85
65,374,57154,1,0,0:0:0:0:
118,374,57233,1,0,0:0:0:0:
189,326,57312,1,0,0:0:0:0:
217,217,57390,6,0,P|191:103|98:33,1,237.999992736817
244,117,57864,1,0,0:0:0:0:
244,117,57943,1,0,0:0:0:0:
309,61,58022,1,0,0:0:0:0:
162,150,58180,5,0,0:0:0:0:
427,69,58338,2,0,L|309:61,1,118.999996368408
71,30,58654,5,0,0:0:0:0:
71,30,58969,2,0,B|52:145|52:145|8:100,1,178.499994552612
162,150,59285,2,0,B|181:265|181:265|224:220,1,178.499994552612
83,230,59601,6,0,L|92:289,1,59.4999981842042
215,161,59759,2,0,L|224:220,1,59.4999981842042
347,92,59917,5,0,0:0:0:0:
340,209,60075,1,0,0:0:0:0:
286,31,60233,1,0,0:0:0:0:
401,270,60390,6,0,B|376:181|401:89|401:89|371:97|347:92,1,237.999992736817
318,293,60864,1,0,0:0:0:0:
468,324,61022,1,0,0:0:0:0:
504,122,61180,6,0,B|445:152|389:133|389:133|370:105|346:91,1,178.499994552612
170,53,61496,5,0,0:0:0:0:
187,136,61654,1,0,0:0:0:0:
113,177,61812,1,0,0:0:0:0:
51,119,61969,1,0,0:0:0:0:
170,53,62127,5,0,0:0:0:0:
187,136,62206,1,0,0:0:0:0:
113,177,62285,1,0,0:0:0:0:
51,119,62364,1,0,0:0:0:0:
87,41,62443,6,0,B|190:96|303:73|303:73|226:94|187:135,1,356.999989105225
186,135,62996,1,0,0:0:0:0:
242,212,63075,2,0,L|373:223,1,118.999996368408
123,202,63390,2,0,L|254:213,1,118.999996368408
468,230,63706,5,0,0:0:0:0:
467,230,64022,6,0,P|398:282|381:367,1,178.499994552612
304,224,64338,2,0,P|384:258|467:230,1,178.499994552612
381,366,64654,2,0,P|370:280|304:223,1,178.499994552612
88,311,64969,5,0,0:0:0:0:
173,213,65127,1,0,0:0:0:0:
325,106,65285,2,0,L|304:223,1,118.999996368408
71,212,65601,5,0,0:0:0:0:
189,157,65759,1,0,0:0:0:0:
372,125,65917,2,0,L|303:222,1,118.999996368408
97,115,66233,5,0,0:0:0:0:
88,311,66390,1,0,0:0:0:0:
161,38,66548,5,0,0:0:0:0:
71,212,66706,1,0,0:0:0:0:
303,222,66864,5,0,0:0:0:0:
161,38,67022,1,0,0:0:0:0:
88,311,67180,1,0,0:0:0:0:
165,246,67338,1,0,0:0:0:0:
360,326,67496,6,0,L|300:332,1,59.4999981842042
506,309,67654,2,0,L|446:315,1,59.4999981842042
183,345,67812,2,0,L|360:325,1,178.499994552612
506,309,68127,1,0,0:0:0:0:
302,222,68285,1,0,0:0:0:0:
479,93,68443,2,0,P|423:72|387:26,1,118.999996368408
506,309,68759,6,0,B|421:294|361:213|361:213|303:222,1,237.999992736817
187,209,69233,1,0,0:0:0:0:
390,296,69390,2,0,B|305:281|245:200|245:200|187:209,1,237.999992736817
396,166,69864,1,0,0:0:0:0:
196,324,70022,6,0,P|138:373|111:302,1,178.499994552612
285,126,70338,2,0,P|357:151|308:210,1,178.499994552612
70,148,70654,2,0,P|56:73|131:85,1,178.499994552612
235,312,70969,2,0,P|310:324|296:250,1,178.499994552612
59,188,71285,2,0,P|10:247|82:272,1,178.499994552612
256,97,71601,2,0,P|229:26|172:76,1,178.499994552612
329,345,71917,5,0,0:0:0:0:
345,353,71996,1,0,0:0:0:0:
363,358,72075,1,0,0:0:0:0:
381,357,72154,1,0,0:0:0:0:
410,336,72233,5,0,0:0:0:0:
411,282,72312,1,0,0:0:0:0:
413,228,72390,1,0,0:0:0:0:
415,175,72469,1,0,0:0:0:0:
314,108,72548,6,0,B|231:93|231:93|69:147,1,255
166,321,72864,2,0,B|249:336|249:336|410:281,1,255
316,54,73180,2,0,B|233:39|233:39|71:93,1,255
168,267,73496,1,0,0:0:0:0:
415,175,73654,1,0,0:0:0:0:
70,92,73812,6,0,P|93:215|34:326,1,255
251,282,74127,2,0,P|227:159|288:49,1,255
0,55,74443,2,0,P|54:168|25:290,1,255
272,254,74759,1,0,0:0:0:0:
265,195,74838,1,0,0:0:0:0:
278,137,74917,1,0,0:0:0:0:
308,86,74996,1,0,0:0:0:0:
352,46,75075,5,0,0:0:0:0:
148,241,75233,2,0,L|0:236,1,148.750001418591
356,194,75548,2,0,L|351:45,1,148.750001418591
360,348,75864,1,0,0:0:0:0:
63,68,76180,6,0,B|142:97|208:60|208:60|274:22|351:45,1,297.500002837181
169,120,76654,5,0,0:0:0:0:
215,87,76733,1,0,0:0:0:0:
268,71,76812,1,0,0:0:0:0:
323,73,76890,1,0,0:0:0:0:
375,92,76969,1,0,0:0:0:0:
392,125,77048,1,0,0:0:0:0:
401,161,77127,1,0,0:0:0:0:
401,198,77206,1,0,0:0:0:0:
393,234,77285,5,0,0:0:0:0:
367,233,77364,1,0,0:0:0:0:
341,231,77443,1,0,0:0:0:0:
315,230,77522,1,0,0:0:0:0:
255,165,77601,5,0,0:0:0:0:
256,192,77680,12,0,80127,0:0:0:0:
256,192,86443,12,0,87548,0:0:0:0:
495,364,87706,6,0,B|443:346|443:346|335:366,2,165.749992412568
82,286,88969,5,0,0:0:0:0:
112,182,89127,1,0,0:0:0:0:
206,236,89285,1,0,0:0:0:0:
236,132,89443,1,0,0:0:0:0:
330,186,89601,5,0,0:0:0:0:
119,21,89917,1,0,0:0:0:0:
82,286,90233,6,0,B|134:268|134:268|242:288,2,165.749992412568
112,182,91654,1,0,0:0:0:0:
0,313,92127,2,0,B|49:329|49:329|82:285,1,110.499994941712
256,23,92759,5,0,0:0:0:0:
345,219,92917,2,0,L|349:108,1,110.499994941712
256,23,93390,1,0,0:0:0:0:
140,64,93548,1,0,0:0:0:0:
112,182,93706,1,0,0:0:0:0:
112,182,94022,5,0,0:0:0:0:
153,85,94180,1,0,0:0:0:0:
250,126,94338,1,0,0:0:0:0:
209,223,94496,1,0,0:0:0:0:
99,161,94654,5,0,0:0:0:0:
237,105,94812,1,0,0:0:0:0:
140,64,94969,1,0,0:0:0:0:
196,202,95127,1,0,0:0:0:0:
96,347,95285,6,0,L|111:181,2,165.749992412568
209,223,96706,5,0,0:0:0:0:
256,218,96864,1,0,0:0:0:0:
303,213,97022,1,0,0:0:0:0:
111,181,97180,5,0,0:0:0:0:
256,218,97338,1,0,0:0:0:0:
64,186,97496,1,0,0:0:0:0:
303,213,97654,1,0,0:0:0:0:
96,347,97812,5,0,0:0:0:0:
96,347,97969,2,0,L|94:236,1,110.499994941712
210,112,98443,2,0,L|209:223,1,110.499994941712
499,141,99075,5,0,0:0:0:0:
402,178,99233,1,0,0:0:0:0:
298,168,99390,1,0,0:0:0:0:
210,112,99548,1,0,0:0:0:0:
173,13,99706,5,0,0:0:0:0:
402,178,100022,1,0,0:0:0:0:
44,115,100338,6,0,L|209:111,1,165.749992412568
44,223,100969,2,0,P|34:168|43:114,1,110.499994941712
345,257,101601,5,0,0:0:0:0:
249,300,101759,1,0,0:0:0:0:
259,195,101917,1,0,0:0:0:0:
345,257,102075,1,0,0:0:0:0:
249,300,102233,5,0,0:0:0:0:
249,300,102548,1,0,0:0:0:0:
249,300,102864,5,0,0:0:0:0:
435,197,103022,2,0,P|437:141|426:87,1,110.499994941712
353,366,103496,2,0,P|342:312|345:257,1,110.499994941712
56,121,104127,5,0,0:0:0:0:
161,142,104285,1,0,0:0:0:0:
247,77,104443,1,0,0:0:0:0:
352,98,104601,1,0,0:0:0:0:
161,142,104759,5,0,0:0:0:0:
457,119,104917,1,0,0:0:0:0:
266,163,105075,1,0,0:0:0:0:
352,98,105233,1,0,0:0:0:0:
279,325,105390,6,0,P|285:242|265:162,1,165.749992412568
86,270,106022,2,0,P|140:261|194:268,1,110.499994941712
279,325,106654,5,0,0:0:0:0:
175,164,106812,1,0,0:0:0:0:
372,258,106969,1,0,0:0:0:0:
268,97,107127,1,0,0:0:0:0:
277,296,107285,5,0,0:0:0:0:
269,125,107443,1,0,0:0:0:0:
278,213,107601,1,0,0:0:0:0:
268,208,107759,1,0,0:0:0:0:
486,350,107917,6,0,L|497:179,1,170
372,258,108390,1,0,0:0:0:0:
229,289,108548,1,0,0:0:0:0:
84,269,108706,1,0,0:0:0:0:
268,208,108864,1,0,0:0:0:0:
135,114,109022,1,0,0:0:0:0:
135,114,109101,1,0,0:0:0:0:
135,114,109180,6,0,P|129:197|83:268,1,170
166,210,109654,1,0,0:0:0:0:
372,258,109812,2,0,L|380:342,2,85
154,350,110285,1,0,0:0:0:0:
154,350,110364,1,0,0:0:0:0:
154,350,110443,6,0,P|265:295|380:342,1,255
245,191,111075,2,0,B|202:188|202:188|165:209,1,85
266,358,111390,1,0,0:0:0:0:
351,144,111548,1,0,0:0:0:0:
351,144,112022,6,0,P|395:153|352:132,1,127.5
403,289,112338,1,0,0:0:0:0:
266,358,112496,1,0,0:0:0:0:
133,329,112654,1,0,0:0:0:0:
59,236,112812,1,0,0:0:0:0:
91,133,112969,6,0,B|122:132|146:160|146:160|120:218|120:218|90:231|58:235,1,191.250007295609
260,325,113601,2,0,L|133:328,1,127.500004863739
58,235,114075,1,0,0:0:0:0:
229,291,114233,5,0,0:0:0:0:
91,133,114390,1,0,0:0:0:0:
138,206,114548,1,0,0:0:0:0:
217,245,114706,1,0,0:0:0:0:
80,84,114864,5,0,0:0:0:0:
129,306,115022,1,0,0:0:0:0:
168,23,115180,1,0,0:0:0:0:
217,245,115338,1,0,0:0:0:0:
358,36,115496,6,0,L|167:22,1,191.250007295609
317,160,116127,2,0,L|444:168,1,127.500004863739
353,201,116522,1,0,0:0:0:0:
260,222,116601,6,0,P|196:226|137:205,1,127.500004863739
280,83,117075,1,0,0:0:0:0:
444,168,117233,1,0,0:0:0:0:
477,259,117312,1,0,0:0:0:0:
498,352,117390,1,0,0:0:0:0:
375,243,117548,1,0,0:0:0:0:
313,323,117706,1,0,0:0:0:0:
6,80,118022,6,0,L|138:66,1,127.5
179,53,118338,5,0,0:0:0:0:
150,158,118496,1,0,0:0:0:0:
223,45,118654,5,0,0:0:0:0:
172,148,118812,1,0,0:0:0:0:
266,47,118969,5,0,0:0:0:0:
195,150,119127,1,0,0:0:0:0:
251,104,119206,1,0,0:0:0:0:
308,58,119285,5,0,0:0:0:0:
213,162,119443,1,0,0:0:0:0:
345,77,119601,5,0,0:0:0:0:
223,182,119759,1,0,0:0:0:0:
377,105,119917,5,0,0:0:0:0:
221,203,120075,1,0,0:0:0:0:
400,138,120233,5,0,0:0:0:0:
208,220,120390,1,0,0:0:0:0:
310,197,120469,1,0,0:0:0:0:
413,178,120548,6,0,P|343:224|299:295,1,170
124,24,121022,6,0,L|132:65,1,42.5
310,197,121180,2,0,L|301:155,1,42.5
46,101,121338,2,0,L|54:142,1,42.5
309,331,121496,2,0,L|300:289,1,42.5
347,27,121654,5,0,0:0:0:0:
256,192,121733,12,0,122364,0:0:0:0:
506,376,122443,6,0,B|494:335|494:335|469:369,1,85
447,374,122838,1,0,0:0:0:0:
394,374,122917,1,0,0:0:0:0:
323,326,122996,1,0,0:0:0:0:
295,217,123075,6,0,P|321:103|414:33,1,237.999992736817
403,247,123548,1,0,0:0:0:0:
403,247,123627,1,0,0:0:0:0:
323,326,123706,1,0,0:0:0:0:
446,246,123864,5,0,0:0:0:0:
176,224,124022,2,0,L|294:217,1,118.999996368408
496,64,124338,5,0,0:0:0:0:
496,64,124654,2,0,L|501:243,1,178.499994552612
441,67,124969,2,0,L|446:246,1,178.499994552612
386,70,125285,2,0,L|387:129,1,59.4999981842042
502,301,125443,2,0,L|500:241,1,59.4999981842042
304,172,125601,5,0,0:0:0:0:
441,67,125759,1,0,0:0:0:0:
261,189,125917,1,0,0:0:0:0:
469,337,126075,6,0,B|496:356|496:356|470:284|380:284|321:325,1,237.999992736817
419,135,126548,1,0,0:0:0:0:
250,64,126706,1,0,0:0:0:0:
226,285,126864,6,0,B|262:268|318:268|344:340|344:340|321:324,1,178.499994552612
72,261,127180,5,0,0:0:0:0:
154,236,127338,1,0,0:0:0:0:
226,285,127496,1,0,0:0:0:0:
308,260,127654,1,0,0:0:0:0:
72,261,127812,5,0,0:0:0:0:
154,236,127890,1,0,0:0:0:0:
226,285,127969,1,0,0:0:0:0:
308,260,128048,1,0,0:0:0:0:
240,311,128127,6,0,B|174:321|138:367|138:367|70:286|119:203|119:203|137:189|150:210|154:236,1,356.999989105225
153,235,128680,1,0,0:0:0:0:
93,162,128759,2,0,B|0:152|0:152|17:133,1,118.999996368408
237,177,129075,2,0,B|330:167|330:167|312:148,1,118.999996368408
171,11,129390,5,0,0:0:0:0:
171,11,129706,2,0,B|223:41|223:41|339:21,1,178.499994552612
248,269,130022,2,0,B|248:208|248:208|173:118,1,178.499994552612
433,73,130338,2,0,B|380:103|380:103|339:213,1,178.499994552612
165,335,130654,5,0,0:0:0:0:
228,183,130812,1,0,0:0:0:0:
366,275,130969,2,0,L|248:269,1,118.999996368408
27,124,131285,5,0,0:0:0:0:
90,276,131443,1,0,0:0:0:0:
228,183,131601,2,0,L|109:189,1,118.999996368408
366,275,131917,5,0,0:0:0:0:
109,189,132075,1,0,0:0:0:0:
366,275,132233,1,0,0:0:0:0:
228,183,132390,1,0,0:0:0:0:
165,335,132548,1,0,0:0:0:0:
366,275,132706,1,0,0:0:0:0:
163,82,132864,1,0,0:0:0:0:
109,189,133022,1,0,0:0:0:0:
366,274,133180,6,0,L|360:334,1,59.4999981842042
383,128,133338,2,0,L|377:188,1,59.4999981842042
397,10,133496,2,0,L|377:187,1,178.499994552612
360,333,133812,1,0,0:0:0:0:
228,183,133969,1,0,0:0:0:0:
469,120,134127,2,0,P|432:166|377:187,1,118.999996368408
43,79,134443,6,0,B|105:90|160:69|160:69|215:47|277:62,1,237.999992736817
228,183,134917,1,0,0:0:0:0:
41,29,135075,2,0,B|103:40|158:19|158:19|213:-3|275:12,1,237.999992736817
228,183,135548,1,0,0:0:0:0:
451,323,135706,6,0,B|391:262|391:262|302:238,1,178.499994552612
78,97,136022,2,0,B|138:158|138:158|227:182,1,178.499994552612
481,233,136338,2,0,B|401:203|401:203|310:219,1,178.499994552612
47,186,136654,2,0,B|127:216|127:216|218:200,1,178.499994552612
470,139,136969,2,0,B|385:146|385:146|310:199,1,178.499994552612
58,280,137285,2,0,B|143:273|143:273|218:220,1,178.499994552612
256,27,137601,5,0,0:0:0:0:
256,44,137680,1,0,0:0:0:0:
256,62,137759,1,0,0:0:0:0:
256,80,137838,1,0,0:0:0:0:
278,109,137917,5,0,0:0:0:0:
234,141,137996,1,0,0:0:0:0:
277,171,138075,1,0,0:0:0:0:
234,204,138154,1,0,0:0:0:0:
276,233,138233,6,0,L|8:293,1,255
323,260,138548,2,0,L|55:320,1,255
370,287,138864,2,0,L|102:347,1,255
0,192,139180,1,0,0:0:0:0:
196,289,139338,1,0,0:0:0:0:
256,27,139496,6,0,L|524:87,1,255
209,54,139812,2,0,L|477:114,1,255
162,81,140127,2,0,L|430:141,1,255
115,108,140443,1,0,0:0:0:0:
177,121,140522,1,0,0:0:0:0:
239,135,140601,1,0,0:0:0:0:
301,149,140680,1,0,0:0:0:0:
363,163,140759,5,0,0:0:0:0:
121,342,140917,2,0,P|103:270|117:197,1,148.750001418591
414,281,141233,2,0,P|427:208|410:136,1,148.750001418591
216,375,141548,1,0,0:0:0:0:
13,120,141864,6,0,B|134:109|134:109|174:138|174:138|300:148,1,297.500002837181
78,66,142338,5,0,0:0:0:0:
129,61,142417,1,0,0:0:0:0:
181,56,142496,1,0,0:0:0:0:
233,52,142575,1,0,0:0:0:0:
296,113,142654,5,0,0:0:0:0:
300,148,142733,1,0,0:0:0:0:
303,184,142812,1,0,0:0:0:0:
306,221,142890,1,0,0:0:0:0:
249,290,142969,5,0,0:0:0:0:
224,292,143048,1,0,0:0:0:0:
198,294,143127,1,0,0:0:0:0:
173,297,143206,1,0,0:0:0:0:
104,240,143285,5,0,0:0:0:0:
342,307,144233,1,0,0:0:0:0:
342,307,144390,1,0,0:0:0:0:
104,240,144864,5,0,0:0:0:0:
341,306,145338,1,0,0:0:0:0:
455,243,145812,5,0,0:0:0:0:
198,294,146127,1,0,0:0:0:0:
198,294,146285,1,0,0:0:0:0:
455,243,146601,1,0,0:0:0:0:
198,294,146917,1,0,0:0:0:0:
198,294,147075,5,0,0:0:0:0:
455,243,147390,1,0,0:0:0:0:
104,240,147706,1,0,0:0:0:0:
361,189,148022,1,0,0:0:0:0:
46,330,148338,5,0,0:0:0:0:
46,330,149285,5,0,0:0:0:0:
77,32,149443,1,0,0:0:0:0:
77,32,150548,5,0,0:0:0:0:
77,32,150706,1,0,0:0:0:0:
198,294,150864,1,0,0:0:0:0:
198,294,151022,1,0,0:0:0:0:
198,294,151338,1,0,0:0:0:0:
198,294,152127,5,0,0:0:0:0:
198,294,152285,1,0,0:0:0:0:
328,8,152443,1,0,0:0:0:0:
328,8,152601,1,0,0:0:0:0:
198,294,152759,5,0,0:0:0:0:
328,8,152917,1,0,0:0:0:0:
198,294,153075,1,0,0:0:0:0:
328,8,153233,1,0,0:0:0:0:
77,144,153390,5,0,0:0:0:0:
352,171,153864,1,0,0:0:0:0:
352,171,154022,1,0,0:0:0:0:
77,144,154338,1,0,0:0:0:0:
77,144,154496,1,0,0:0:0:0:
168,343,154812,5,0,0:0:0:0:
416,286,154969,1,0,0:0:0:0:
416,286,155127,1,0,0:0:0:0:
168,343,155443,5,0,0:0:0:0:
416,286,155601,1,0,0:0:0:0:
416,286,155759,1,0,0:0:0:0:
124,358,155917,5,0,0:0:0:0:
191,98,156233,1,0,0:0:0:0:
191,98,156390,1,0,0:0:0:0:
283,282,156706,1,0,0:0:0:0:
283,282,157022,1,0,0:0:0:0:
283,282,157180,5,0,0:0:0:0:
350,8,157496,1,0,0:0:0:0:
346,362,157812,1,0,0:0:0:0:
293,93,158127,1,0,0:0:0:0:
52,315,158443,6,0,L|19:311,1,31.8750012159348
283,282,158759,1,0,0:0:0:0:
283,282,158917,1,0,0:0:0:0:
283,282,159075,1,0,0:0:0:0:
20,311,159390,5,0,0:0:0:0:
309,254,159548,1,0,0:0:0:0:
309,254,159864,5,0,0:0:0:0:
114,215,160022,1,0,0:0:0:0:
114,215,160180,1,0,0:0:0:0:
390,180,160496,5,0,0:0:0:0:
156,337,160654,1,0,0:0:0:0:
433,282,160812,6,0,L|439:299,1,15.9375006079674
468,258,160890,2,0,L|474:275,1,15.9375006079674
489,226,160969,2,0,P|355:76|339:277,1,510.000019454957
83,301,163496,6,0,B|38:300|15:345|15:345|75:367|131:351|151:249|103:94|103:94|148:136|191:147|191:147|228:157|245:181,1,595
83,301,166022,2,0,B|38:300|15:345|15:345|75:367|131:351|151:249|103:94|103:94|148:136|191:147|191:147|228:157|245:181,1,595
83,301,168548,2,0,B|38:300|15:345|15:345|75:367|131:351|151:249|103:94|103:94|148:136|191:147|191:147|228:157|245:181,1,595
382,345,171075,5,0,0:0:0:0:
382,345,171706,1,0,0:0:0:0:
382,345,172338,1,0,0:0:0:0:
382,345,172812,1,0,0:0:0:0:
382,345,172890,1,0,0:0:0:0:
382,345,172969,1,0,0:0:0:0:
408,170,173127,1,0,0:0:0:0:
382,345,173443,1,0,0:0:0:0:
258,142,173601,6,0,P|250:204|267:266,1,127.500004863739
168,162,174233,2,0,P|286:202|407:169,1,255.000009727478
231,230,175180,1,0,0:0:0:0:
398,293,175496,2,0,P|414:231|407:168,1,127.500004863739
234,346,176127,6,0,P|164:280|76:245,1,191.250007295609
168,162,176759,2,0,P|130:212|76:245,1,127.500004863739
271,111,177390,1,0,0:0:0:0:
234,346,177706,1,0,0:0:0:0:
176,48,178022,5,0,0:0:0:0:
176,48,178101,1,0,0:0:0:0:
176,48,178180,2,0,L|132:53,1,42.5
313,106,178338,1,0,0:0:0:0:
313,106,178417,1,0,0:0:0:0:
313,106,178496,2,0,L|269:111,1,42.5
450,164,178654,6,0,P|365:120|270:110,1,191.250007295609
363,350,178969,2,0,P|406:265|416:170,1,191.250007295609
177,263,179285,2,0,P|261:306|356:316,1,191.250007295609
264,77,179601,2,0,P|220:161|210:256,1,191.250007295609
0,101,179917,6,0,P|84:57|179:47,1,191.250007295609
87,287,180233,2,0,P|43:202|33:107,1,191.250007295609
273,200,180548,2,0,P|188:243|93:253,1,191.250007295609
186,14,180864,2,0,P|229:98|239:193,1,191.250007295609
29,351,181180,5,0,0:0:0:0:
310,294,181338,2,0,L|443:304,1,127.500004863739
156,341,181654,2,0,L|23:351,1,127.500004863739
273,200,181969,1,0,0:0:0:0:
273,200,182285,6,0,B|264:109|359:74|359:74|449:128|436:208,1,331.499984825135
362,42,182917,1,0,0:0:0:0:
483,281,183075,5,0,0:0:0:0:
449,260,183154,1,0,0:0:0:0:
412,246,183233,1,0,0:0:0:0:
373,237,183312,1,0,0:0:0:0:
334,235,183390,1,0,0:0:0:0:
295,239,183469,1,0,0:0:0:0:
257,249,183548,1,0,0:0:0:0:
221,264,183627,1,0,0:0:0:0:
160,331,183706,6,0,L|152:196,3,128.787878787879
326,363,184022,2,0,L|334:228,3,128.787878787879
119,299,184338,6,0,L|106:95,1,203.999993774414
20,203,184811,1,0,0:0:0:0:
204,86,184969,2,0,P|154:79|106:95,1,101.999996887207
20,307,185285,2,0,P|70:313|118:298,1,101.999996887207
325,363,185601,6,0,P|236:318|195:227,1,203.999993774414
273,29,186074,1,0,0:0:0:0:
273,29,186390,1,0,0:0:0:0:
196,228,186548,2,0,L|349:214,1,152.999995330811
399,245,186864,6,0,L|196:228,1,203.999993774414
325,363,187338,1,0,0:0:0:0:
135,330,187495,2,0,P|183:315|234:319,1,101.999996887207
431,232,187811,1,0,0:0:0:0:
431,232,188127,6,0,B|446:79|446:79|459:127,1,203.999993774414
293,200,188601,2,0,L|191:191,1,101.999996887207
234,319,188917,1,0,0:0:0:0:
347,129,189074,1,0,0:0:0:0:
347,129,189153,1,0,0:0:0:0:
347,129,189232,1,0,0:0:0:0:
347,129,189311,1,0,0:0:0:0:
347,128,189390,6,0,P|356:79|351:28,1,101.999996887207
293,200,189706,1,0,0:0:0:0:
107,236,189864,2,0,P|63:144|61:43,1,203.999993774414
146,228,190338,2,0,P|150:177|168:129,1,101.999996887207
383,16,190653,5,0,0:0:0:0:
383,16,190969,1,0,0:0:0:0:
262,46,191127,1,0,0:0:0:0:
168,129,191285,1,0,0:0:0:0:
122,245,191443,1,0,0:0:0:0:
137,371,191601,2,0,B|212:376|212:376|288:362,1,152.999995330811
122,245,191917,6,0,P|198:312|288:362,1,203.999993774414
367,322,192311,1,0,0:0:0:0:
367,322,192390,2,0,L|377:268,1,50.9999984436036
210,154,192548,2,0,P|286:221|376:271,1,203.999993774414
454,231,192943,1,0,0:0:0:0:
454,230,193022,2,0,L|464:180,1,50.9999984436036
298,63,193180,6,0,P|374:130|463:179,1,203.999993774414
454,230,193653,1,0,0:0:0:0:
376,271,193811,1,0,0:0:0:0:
288,362,193969,1,0,0:0:0:0:
122,245,194127,1,0,0:0:0:0:
79,324,194443,5,0,0:0:0:0:
97,224,194601,1,0,0:0:0:0:
83,123,194759,1,0,0:0:0:0:
37,33,194917,1,0,0:0:0:0:
29,292,195074,5,0,0:0:0:0:
41,210,195153,1,0,0:0:0:0:
40,185,195232,1,0,0:0:0:0:
35,160,195311,1,0,0:0:0:0:
9,80,195390,1,0,0:0:0:0:
0,377,195706,6,0,L|203:361,1,203.999993774414
122,245,196180,1,0,0:0:0:0:
288,362,196338,2,0,P|284:311|291:260,1,101.999996887207
386,81,196653,1,0,0:0:0:0:
386,81,196969,5,0,0:0:0:0:
358,183,197127,1,0,0:0:0:0:
182,96,197285,2,0,L|386:81,1,203.999993774414
216,196,197759,1,0,0:0:0:0:
182,96,197917,1,0,0:0:0:0:
122,245,198074,1,0,0:0:0:0:
14,8,198232,5,0,0:0:0:0:
71,81,198390,1,0,0:0:0:0:
182,96,198548,1,0,0:0:0:0:
299,33,198706,1,0,0:0:0:0:
444,79,198864,1,0,0:0:0:0:
463,251,199022,5,0,0:0:0:0:
418,63,199180,1,0,0:0:0:0:
212,11,199338,1,0,0:0:0:0:
17,166,199495,6,0,B|38:236|38:236|87:192|87:192|55:181,1,172.125000656605
257,240,199811,2,0,B|236:310|236:310|187:266|187:266|218:255,1,172.125000656605
55,181,200127,2,0,B|76:251|76:251|125:207|125:207|93:196,1,172.125000656605
295,255,200443,2,0,B|274:325|274:325|225:281|225:281|256:270,1,172.125000656605
497,166,200759,6,0,B|476:236|476:236|427:192|427:192|458:181,1,172.125000656605
257,240,201074,2,0,B|278:310|278:310|327:266|327:266|295:255,1,172.125000656605
459,181,201390,2,0,B|438:251|438:251|389:207|389:207|420:196,1,172.125000656605
219,255,201706,2,0,B|240:325|240:325|289:281|289:281|257:270,1,172.125000656605
17,166,202022,6,0,L|89:169,1,63.7500024318696
18,165,202180,2,0,L|90:168,1,63.7500024318696
20,164,202338,2,0,L|92:167,1,63.7500024318696
21,162,202495,2,0,L|93:165,1,63.7500024318696
22,161,202653,2,0,L|94:164,1,63.7500024318696
23,160,202811,2,0,L|95:163,1,63.7500024318696
24,159,202969,2,0,L|96:162,1,63.7500024318696
25,158,203127,2,0,L|97:161,1,63.7500024318696
26,157,203285,6,0,L|98:160,1,63.7500024318696
257,198,203443,2,0,L|321:194,1,63.7500024318696
27,156,203601,2,0,L|99:159,1,63.7500024318696
259,197,203759,2,0,L|323:193,1,63.7500024318696
29,154,203917,2,0,L|101:157,1,63.7500024318696
260,196,204074,2,0,L|324:192,1,63.7500024318696
30,153,204232,2,0,L|102:156,1,63.7500024318696
261,195,204390,6,0,L|388:189,1,127.5
412,201,204943,1,0,0:0:0:0:
443,251,205022,1,0,0:0:0:0:
422,333,205101,1,0,0:0:0:0:
319,304,205184,6,0,B|277:313|245:345|245:345|274:277|263:195,1,237.999992736817
422,333,205657,1,0,0:0:0:0:
422,333,205736,1,0,0:0:0:0:
443,251,205815,1,0,0:0:0:0:
319,304,205973,1,0,0:0:0:0:
184,148,206131,2,0,P|174:88|186:28,1,118.999996368408
246,230,206447,1,0,0:0:0:0:
246,230,206763,6,0,B|124:278|124:278|157:244,1,178.499994552612
287,136,207078,2,0,B|389:217|389:217|343:205,1,178.499994552612
184,148,207394,2,0,L|189:88,1,59.4999981842042
240,289,207552,2,0,L|246:230,1,59.4999981842042
367,70,207710,5,0,0:0:0:0:
189,88,207868,1,0,0:0:0:0:
374,11,208026,1,0,0:0:0:0:
184,148,208184,6,0,P|282:97|374:11,1,237.999992736817
343,205,208657,1,0,0:0:0:0:
507,50,208815,1,0,0:0:0:0:
416,303,208973,6,0,P|326:304|239:288,1,178.499994552612
96,164,209289,1,0,0:0:0:0:
184,148,209447,1,0,0:0:0:0:
200,236,209605,1,0,0:0:0:0:
112,252,209763,1,0,0:0:0:0:
168,60,209920,5,0,0:0:0:0:
256,44,209999,1,0,0:0:0:0:
272,132,210078,1,0,0:0:0:0:
184,148,210157,1,0,0:0:0:0:
168,60,210236,6,0,B|346:30|346:30|329:146|329:146|272:132,1,356.999989105225
272,132,210789,1,0,0:0:0:0:
370,109,210868,2,0,L|367:227,1,118.999996368408
197,354,211184,2,0,L|199:235,1,118.999996368408
377,63,211499,5,0,0:0:0:0:
377,63,211815,2,0,B|443:44|494:68|494:68|483:92|455:111,1,178.499994552612
288,179,212131,2,0,B|354:160|405:184|405:184|394:208|366:227,1,178.499994552612
199,295,212447,2,0,B|265:276|316:300|316:300|305:324|277:343,1,178.499994552612
144,160,212763,5,0,0:0:0:0:
288,179,212920,1,0,0:0:0:0:
81,310,213078,2,0,L|199:295,1,118.999996368408
112,129,213394,5,0,0:0:0:0:
256,148,213552,1,0,0:0:0:0:
49,279,213710,2,0,L|166:263,1,118.999996368408
80,98,214026,5,0,0:0:0:0:
288,179,214184,1,0,0:0:0:0:
175,356,214341,1,0,0:0:0:0:
256,148,214499,1,0,0:0:0:0:
370,236,214657,1,0,0:0:0:0:
225,180,214815,1,0,0:0:0:0:
338,3,214973,1,0,0:0:0:0:
112,129,215131,1,0,0:0:0:0:
370,235,215289,6,0,P|382:208|389:180,1,59.4999981842042
276,268,215447,2,0,P|263:295|256:323,1,59.4999981842042
448,303,215605,2,0,P|364:272|276:268,1,178.499994552612
175,356,215920,1,0,0:0:0:0:
225,180,216078,1,0,0:0:0:0:
457,314,216236,2,0,P|417:269|369:234,1,118.999996368408
135,279,216552,6,0,L|369:235,1,237.999992736817
185,367,217026,1,0,0:0:0:0:
225,180,217184,2,0,L|458:135,1,237.999992736817
275,268,217657,1,0,0:0:0:0:
209,42,217815,6,0,L|30:42,1,178.499994552612
303,42,218131,2,0,L|482:42,1,178.499994552612
209,140,218447,2,0,L|30:140,1,178.499994552612
303,140,218763,2,0,L|482:140,1,178.499994552612
209,244,219078,6,0,L|30:244,1,178.499994552612
303,244,219394,2,0,L|482:244,1,178.499994552612
198,340,219710,1,0,0:0:0:0:
235,327,219789,1,0,0:0:0:0:
275,327,219868,1,0,0:0:0:0:
312,340,219947,1,0,0:0:0:0:
360,301,220026,5,0,0:0:0:0:
322,255,220105,1,0,0:0:0:0:
267,234,220184,1,0,0:0:0:0:
209,244,220263,1,0,0:0:0:0:
198,340,220341,5,0,0:0:0:0:
84,152,220499,1,0,0:0:0:0:
169,354,220657,5,0,0:0:0:0:
56,145,220815,1,0,0:0:0:0:
140,368,220973,5,0,0:0:0:0:
28,138,221131,1,0,0:0:0:0:
105,377,221289,5,0,0:0:0:0:
0,131,221447,1,0,0:0:0:0:
229,218,221605,5,0,0:0:0:0:
401,73,221763,1,0,0:0:0:0:
258,232,221920,5,0,0:0:0:0:
429,66,222078,1,0,0:0:0:0:
287,246,222236,5,0,0:0:0:0:
457,59,222394,1,0,0:0:0:0:
322,255,222552,6,0,P|316:297|314:348,1,85
485,52,222710,2,0,P|491:94|492:145,1,85
316,363,222868,5,0,0:0:0:0:
75,297,223026,2,0,B|41:289|41:289|153:268,1,148.750001418591
401,284,223341,2,0,B|434:276|434:276|322:255,1,148.750001418591
138,153,223657,1,0,0:0:0:0:
153,268,223815,1,0,0:0:0:0:
402,110,223973,6,0,B|343:92|287:109|287:109|229:129|168:104|168:104|163:134|138:153,1,297.499990921021
401,73,224447,2,0,B|342:55|286:72|286:72|228:92|170:67,1,178.499994552612
171,16,224763,5,0,0:0:0:0:
112,9,224841,1,0,0:0:0:0:
54,23,224920,1,0,0:0:0:0:
6,56,224999,1,0,0:0:0:0:
18,70,225078,5,0,0:0:0:0:
17,81,225157,1,0,0:0:0:0:
17,93,225236,1,0,0:0:0:0:
16,105,225315,1,0,0:0:0:0:
15,117,225394,6,0,B|119:97|138:200|138:200|122:240|122:240|48:271|14:208,1,340
171,122,226973,1,0,0:0:0:0:
171,122,227131,1,0,0:0:0:0:
256,280,227289,1,0,0:0:0:0:
98,365,227605,1,0,0:0:0:0:
98,365,227763,2,0,L|119:362,1,21.25
382,347,227920,6,0,B|364:308|313:301|313:301|280:329|279:375|279:375|244:354|244:354|181:335|118:362,1,340
230,263,229499,1,0,0:0:0:0:
230,263,229657,1,0,0:0:0:0:
177,123,229815,1,0,0:0:0:0:
177,123,229973,1,0,0:0:0:0:
65,221,230131,1,0,0:0:0:0:
65,221,230289,2,0,L|91:218,1,21.25
300,212,230447,6,0,P|379:107|387:238,1,340
321,64,232026,1,0,0:0:0:0:
475,161,232184,1,0,0:0:0:0:
475,161,232341,1,0,0:0:0:0:
300,212,232657,1,0,0:0:0:0:
93,311,232973,6,0,B|165:372|272:293|221:189|221:189|261:182|300:212,1,340
103,193,234552,1,0,0:0:0:0:
103,193,234710,1,0,0:0:0:0:
216,28,234868,1,0,0:0:0:0:
216,28,235026,1,0,0:0:0:0:
298,210,235184,1,0,0:0:0:0:
298,210,235341,2,0,L|292:220,1,10.625
300,215,235420,2,0,L|294:225,1,10.625
302,220,235499,6,0,B|375:231|411:278|411:278|440:227|452:220|486:206|486:206|455:153|413:132,1,340
240,128,237078,2,0,P|202:107|173:77,2,85
417,48,238026,5,0,0:0:0:0:
417,48,238341,2,0,L|413:147,1,85
348,228,239289,5,0,0:0:0:0:
348,228,239605,2,0,L|352:328,1,85
360,321,240078,1,0,0:0:0:0:
367,329,240236,1,0,0:0:0:0:
434,276,240394,2,0,L|464:275,1,21.25
280,351,240552,5,0,0:0:0:0:
256,192,240631,12,0,243078,0:0:0:0:
0,380,243157,5,0,0:0:0:0:
186,289,245576,5,0,0:0:0:0:
186,289,245960,2,0,L|148:292,2,31.8750012159348
273,329,246729,1,0,0:0:0:0:
333,255,247114,2,0,P|339:223|338:192,1,63.7500024318696
251,152,247883,2,0,P|244:183|245:214,1,63.7500024318696
401,307,248652,6,0,L|475:304,2,63.7500024318696
401,307,250191,2,0,L|496:303,2,95.6250036478044
334,237,251729,5,0,0:0:0:0:
334,237,252114,2,0,L|334:205,2,31.8750012159348
401,307,252883,1,0,0:0:0:0:
477,251,253268,2,0,P|489:204|490:157,2,95.6250036478044
401,307,254806,6,0,B|367:282|367:282|313:277,1,95.6250036478044
256,336,255576,1,0,0:0:0:0:
238,348,255960,5,0,0:0:0:0:
238,181,256152,1,0,0:0:0:0:
324,193,256537,5,0,0:0:0:0:
152,360,256729,1,0,0:0:0:0:
406,164,257114,5,0,0:0:0:0:
465,101,257306,2,0,L|482:103,3,10.6250004053116
489,19,257691,1,0,0:0:0:0:
318,108,257883,6,0,L|324:193,1,85
377,260,258460,1,0,0:0:0:0:
377,259,258652,2,0,P|317:277|260:250,1,127.5
127,277,259614,1,0,0:0:0:0:
105,192,259806,1,0,0:0:0:0:
190,170,259999,1,0,0:0:0:0:
212,255,260191,2,0,L|215:339,1,85
190,170,260960,6,0,P|233:171|273:158,1,85
332,96,261537,1,0,0:0:0:0:
354,262,261729,2,0,L|357:177,1,85
187,85,262306,2,0,L|190:170,1,85
332,96,262883,1,0,0:0:0:0:
243,152,263076,1,0,0:0:0:0:
209,251,263268,2,0,L|212:336,1,85
148,110,264037,5,0,0:0:0:0:
148,110,264422,1,0,0:0:0:0:
243,152,264614,1,0,0:0:0:0:
331,95,264806,2,0,P|374:105|415:105,1,85
371,279,265383,2,0,P|358:238|337:202,1,85
509,153,265960,1,0,0:0:0:0:
470,231,266152,1,0,0:0:0:0:
487,315,266345,1,0,0:0:0:0:
337,202,266729,1,0,0:0:0:0:
171,344,267114,6,0,L|255:339,1,85
324,288,267691,1,0,0:0:0:0:
251,245,267883,2,0,L|166:249,1,85
83,379,268652,1,0,0:0:0:0:
171,344,268845,1,0,0:0:0:0:
166,249,269037,1,0,0:0:0:0:
74,225,269422,1,0,0:0:0:0:
24,306,269614,2,0,L|5:307,3,14.1666666666667
215,362,269999,1,0,0:0:0:0:
140,157,270191,5,0,0:0:0:0:
24,306,270576,1,0,0:0:0:0:
24,306,270960,2,0,L|138:300,1,114.749996498108
289,235,271729,2,0,P|251:231|214:240,1,76.4999976654053
214,361,272499,2,0,P|252:369|290:365,1,76.4999976654053
344,300,273268,5,0,0:0:0:0:
281,121,273652,1,0,0:0:0:0:
281,121,274037,2,0,L|290:259,1,114.749996498108
417,294,274806,2,0,B|379:287|379:287|344:300,1,76.4999976654053
214,240,275576,2,0,B|252:247|252:247|288:235,1,76.4999976654053
384,171,276345,5,0,0:0:0:0:
167,128,276729,1,0,0:0:0:0:
167,128,277114,2,0,L|243:123,1,76.4999976654053
281,121,277691,1,0,0:0:0:0:
91,124,277883,2,0,P|128:130|167:128,1,76.4999976654053
212,37,278652,2,0,P|173:34|136:40,1,76.4999976654053
49,208,279422,6,0,B|41:249|41:249|46:321,1,114.749996498108
123,157,280191,2,0,P|96:130|60:118,1,76.4999976654053
131,247,280960,2,0,L|207:244,1,76.4999976654053
207,244,281537,1,0,0:0:0:0:
275,298,281729,2,0,L|351:295,1,76.4999976654053
353,304,282210,1,0,0:0:0:0:
355,313,282306,1,0,0:0:0:0:
357,322,282402,1,0,0:0:0:0:
359,331,282499,5,0,0:0:0:0:
169,246,282883,1,0,0:0:0:0:
389,294,283268,1,0,0:0:0:0:
389,294,283460,2,0,L|275:298,1,114.749996498108
169,246,284422,2,0,P|163:208|162:169,2,76.4999976654053
237,376,285576,5,0,0:0:0:0:
71,287,285960,2,0,P|109:286|146:276,1,76.4999976654053
169,246,286537,1,0,0:0:0:0:
93,40,286922,1,0,0:0:0:0:
66,122,287114,2,0,L|73:212,1,76.4999976654053
168,245,287883,2,0,L|163:322,1,76.4999976654053
170,138,288652,5,0,0:0:0:0:
338,192,289037,2,0,P|299:189|261:192,2,76.4999976654053
405,248,289999,1,0,0:0:0:0:
443,90,290191,2,0,B|427:126|427:126|422:163,1,76.4999976654053
384,321,290960,2,0,B|400:285|400:285|405:248,1,76.4999976654053
298,283,291729,6,0,L|146:276,1,152.999995330811
130,241,292691,1,0,0:0:0:0:
144,359,292883,1,0,0:0:0:0:
176,168,293076,1,0,0:0:0:0:
176,168,293460,5,0,0:0:0:0:
111,274,293652,1,0,0:0:0:0:
25,291,293845,1,0,0:0:0:0:
17,254,294037,5,0,0:0:0:0:
117,239,294229,1,0,0:0:0:0:
259,255,294422,1,0,0:0:0:0:
447,373,294614,1,0,0:0:0:0:
240,342,294806,6,0,L|367:331,1,127.5
447,373,295576,1,0,0:0:0:0:
259,255,295960,1,0,0:0:0:0:
174,282,296152,1,0,0:0:0:0:
240,342,296345,2,0,L|324:334,1,85
174,282,297114,1,0,0:0:0:0:
259,255,297306,1,0,0:0:0:0:
155,369,297499,1,0,0:0:0:0:
304,175,297691,1,0,0:0:0:0:
65,382,297883,6,0,P|60:319|41:259,1,127.5
174,282,298845,1,0,0:0:0:0:
126,154,299229,2,0,L|40:162,1,85
0,153,299806,1,0,0:0:0:0:
0,153,300191,1,0,0:0:0:0:
42,78,300383,1,0,0:0:0:0:
120,203,300576,1,0,0:0:0:0:
173,10,300768,1,0,0:0:0:0:
173,282,300960,6,0,P|134:297|92:294,1,85
295,207,301729,2,0,P|255:191|213:194,1,85
91,293,302499,1,0,0:0:0:0:
120,203,302691,1,0,0:0:0:0:
183,273,302883,1,0,0:0:0:0:
57,133,303268,1,0,0:0:0:0:
154,362,303652,2,0,L|196:361,1,42.5
249,359,304037,6,0,P|237:318|218:280,1,85
412,177,304806,2,0,P|399:217|395:259,1,85
218,280,305576,1,0,0:0:0:0:
302,233,305768,1,0,0:0:0:0:
395,259,305960,1,0,0:0:0:0:
302,233,306345,2,0,L|295:148,1,85
407,304,307114,6,0,L|412:177,1,127.5
474,111,307883,1,0,0:0:0:0:
491,296,308267,1,0,0:0:0:0:
395,259,308460,1,0,0:0:0:0:
302,233,308652,6,0,L|214:237,1,85
407,304,309229,1,0,0:0:0:0:
132,239,309422,2,0,L|217:236,1,85
407,304,309999,1,0,0:0:0:0:
318,322,310191,5,0,0:0:0:0:
447,222,310383,1,0,0:0:0:0:
229,340,310576,1,0,0:0:0:0:
487,140,310768,1,0,0:0:0:0:
140,358,310960,1,0,0:0:0:0:
407,304,311345,5,0,0:0:0:0:
318,322,311537,1,0,0:0:0:0:
447,222,311729,1,0,0:0:0:0:
229,340,311922,1,0,0:0:0:0:
233,346,311986,1,0,0:0:0:0:
237,352,312050,1,0,0:0:0:0:
241,358,312114,1,0,0:0:0:0:
487,140,312306,1,0,0:0:0:0:
140,358,312499,1,0,0:0:0:0:
512,52,312691,1,0,0:0:0:0:
318,322,312883,1,0,0:0:0:0:
156,31,313076,1,0,0:0:0:0:
443,323,313268,6,0,L|446:221,1,101.999996887207
349,188,313845,1,0,0:0:0:0:
349,188,314037,2,0,L|345:289,1,101.999996887207
233,346,314614,1,0,0:0:0:0:
250,237,314806,1,0,0:0:0:0:
443,323,314999,1,0,0:0:0:0:
233,346,315191,2,0,L|233:244,1,101.999996887207
250,237,315960,1,0,0:0:0:0:
443,323,316153,1,0,0:0:0:0:
233,346,316345,6,0,L|233:244,1,101.999996887207
349,188,316922,1,0,0:0:0:0:
349,188,317114,2,0,L|349:86,1,101.999996887207
366,79,317691,1,0,0:0:0:0:
449,145,317883,1,0,0:0:0:0:
235,93,318076,1,0,0:0:0:0:
465,41,318268,1,0,0:0:0:0:
219,197,318652,2,0,L|117:192,1,101.999996887207
389,315,319422,6,0,B|321:244|218:208|218:208|117:192,1,305.999990661621
129,282,320768,1,0,0:0:0:0:
265,177,320960,1,0,0:0:0:0:
165,366,321152,1,0,0:0:0:0:
389,315,321345,1,0,0:0:0:0:
266,361,321729,2,0,L|165:366,1,101.999996887207
490,319,322499,6,0,L|388:314,1,101.999996887207
266,361,323268,2,0,L|165:366,1,101.999996887207
388,314,324037,1,0,0:0:0:0:
286,231,324229,1,0,0:0:0:0:
266,361,324422,1,0,0:0:0:0:
266,361,324806,5,0,0:0:0:0:
255,153,324999,1,0,0:0:0:0:
251,145,325063,1,0,0:0:0:0:
247,137,325127,1,0,0:0:0:0:
243,129,325191,1,0,0:0:0:0:
388,314,325383,1,0,0:0:0:0:
137,236,325576,6,0,P|212:248|286:231,1,152.999995330811
488,306,326345,2,0,P|438:316|388:314,1,101.999996887207
372,228,326922,1,0,0:0:0:0:
141,286,327114,1,0,0:0:0:0:
141,286,327306,2,0,L|137:236,1,50.9999984436036
211,190,327691,1,0,0:0:0:0:
266,361,327883,2,0,L|266:259,1,101.999996887207
45,328,328652,5,0,0:0:0:0:
137,236,328845,1,0,0:0:0:0:
12,203,329037,1,0,0:0:0:0:
45,328,329422,2,0,B|79:342|79:342|144:336,1,101.999996887207
504,94,330191,5,0,0:0:0:0:
471,219,330383,1,0,0:0:0:0:
379,127,330576,1,0,0:0:0:0:
504,94,330768,1,0,0:0:0:0:
471,219,330961,2,0,B|437:233|437:233|371:227,1,101.999996887207
376,25,331729,2,0,L|379:129,1,101.999996887207
266,259,332499,2,0,L|268:157,1,101.999996887207
378,126,333268,1,0,0:0:0:0:
157,165,333460,1,0,0:0:0:0:
358,263,333652,1,0,0:0:0:0:
252,64,334037,1,0,0:0:0:0:
221,286,334422,1,0,0:0:0:0:
157,165,334614,1,0,0:0:0:0:
85,281,334806,5,0,0:0:0:0:
358,263,334999,1,0,0:0:0:0:
157,165,335191,2,0,B|183:187|183:187|208:271,2,101.999996887207
0,383,336345,1,0,0:0:0:0:
358,263,336729,1,0,0:0:0:0:
76,13,337114,1,0,0:0:0:0:
157,165,337306,1,0,0:0:0:0:
157,173,337370,1,0,0:0:0:0:
157,181,337434,1,0,0:0:0:0:
157,189,337498,1,0,0:0:0:0:
249,19,337691,1,0,0:0:0:0:
358,263,337883,6,0,P|364:311|360:359,1,97.7500018644333
264,314,338652,2,0,P|257:265|261:217,1,97.7500018644333
339,177,339229,1,0,0:0:0:0:
357,262,339422,2,0,P|362:287|365:311,2,48.8750009322167
266,130,339999,1,0,0:0:0:0:
77,86,340191,1,0,0:0:0:0:
0,147,340383,2,0,P|-4:195|2:243,1,97.7500018644333
77,86,340960,5,0,0:0:0:0:
4,341,341152,2,0,L|2:239,1,97.7500018644333
77,86,341729,2,0,L|78:183,1,97.7500018644333
2,243,342306,1,0,0:0:0:0:
79,183,342499,1,0,0:0:0:0:
221,148,342691,1,0,0:0:0:0:
394,177,342883,1,0,0:0:0:0:
512,346,343076,1,0,0:0:0:0:
288,276,343268,1,0,0:0:0:0:
226,14,343460,2,0,L|227:111,1,97.7500018644333
287,275,344037,6,0,P|241:262|193:268,1,97.7500018644333
394,177,344614,2,0,P|349:157|316:121,1,97.7500018644333
234,354,345191,2,0,L|181:356,1,48.8750009322167
402,81,345576,2,0,L|455:83,1,48.8750009322167
193,268,345960,2,0,L|140:270,1,48.8750009322167
400,178,346345,2,0,L|453:180,1,48.8750009322167
402,81,346729,2,0,L|455:83,1,48.8750009322167
234,354,347114,5,0,0:0:0:0:
144,269,347499,1,0,0:0:0:0:
144,269,347691,2,0,B|141:217|141:217|145:171,1,97.7500018644333
363,330,348460,2,0,B|405:311|434:348|409:383|350:376|316:360|316:360|273:345|234:354,1,244.375004661083
149,384,349614,1,0,0:0:0:0:
65,360,349806,1,0,0:0:0:0:
42,326,349999,1,0,0:0:0:0:
239,164,350191,6,0,P|243:212|238:261,1,97.7500018644333
141,295,350768,1,0,0:0:0:0:
348,353,350960,2,0,P|343:304|348:255,1,97.7500018644333
446,222,351537,1,0,0:0:0:0:
368,154,351729,1,0,0:0:0:0:
452,330,351922,1,0,0:0:0:0:
379,24,352114,2,0,L|378:49,1,24.4375004661083
446,222,352306,1,0,0:0:0:0:
145,197,352499,2,0,L|141:295,1,97.7500018644333
354,24,353268,6,0,L|379:24,1,24.4375004661083
233,121,353460,2,0,L|208:120,1,24.4375004661083
380,108,353652,6,0,L|404:107,1,24.4375004661083
169,197,353845,2,0,L|145:197,1,24.4375004661083
417,191,354037,6,0,L|441:190,1,24.4375004661083
86,264,354229,2,0,L|61:263,1,24.4375004661083
500,24,354422,6,0,L|350:24,1,146.62500279665
404,107,355191,1,0,0:0:0:0:
404,107,355576,1,0,0:0:0:0:
145,197,355768,1,0,0:0:0:0:
441,189,355960,1,0,0:0:0:0:
62,263,356152,1,0,0:0:0:0:
161,303,356345,6,0,P|211:292|255:293,1,73.312501398325
266,317,356729,2,0,L|267:349,1,24.4375004661083
267,318,356921,2,0,L|268:350,1,24.4375004661083
268,319,357113,2,0,L|269:351,1,24.4375004661083
269,320,357305,2,0,L|270:352,1,24.4375004661083
270,321,357498,2,0,L|271:371,1,48.8750009322167
349,248,357883,5,0,0:0:0:0:
63,309,358076,2,0,L|163:302,1,97.7500018644333
444,197,358652,1,0,0:0:0:0:
271,369,358845,1,0,0:0:0:0:
438,148,359037,2,0,L|444:197,1,48.8750009322167
160,302,359422,5,0,0:0:0:0:
271,369,359614,1,0,0:0:0:0:
111,314,359806,2,0,L|63:309,1,48.8750009322167
317,348,360191,2,0,L|365:342,1,48.8750009322167
48,225,360576,2,0,L|0:219,1,48.8750009322167
380,258,360960,1,0,0:0:0:0:
63,309,361152,1,0,0:0:0:0:
343,164,361345,2,0,P|391:158|436:174,1,97.7500018644333
69,213,361986,5,0,0:0:0:0:
272,377,362242,5,0,0:0:0:0:
233,10,362499,6,0,L|228:108,1,97.7500018644333
69,213,363268,2,0,L|64:115,1,97.7500018644333
246,249,364037,6,0,B|283:239|283:239|379:257,1,136
452,153,365576,6,0,B|487:157|496:182|478:204|442:202|414:188|398:156|400:107|419:49|419:49|390:65|359:64,1,297.5
452,153,368652,2,0,B|487:157|496:182|478:204|442:202|414:188|398:156|400:107|419:49|419:49|390:65|359:64,1,297.5
452,153,371729,2,0,B|487:157|496:182|478:204|442:202|414:188|398:156|400:107|419:49|419:49|390:65|359:64,1,297.5
280,28,374806,2,0,B|237:18|237:18|196:26,1,85
220,135,376345,2,0,B|260:143|260:143|303:133,1,85
55,65,377883,6,0,L|57:145,1,76.4999976654053
24,220,378652,1,0,0:0:0:0:
24,220,379229,1,0,0:0:0:0:
55,65,379421,2,0,L|57:145,1,76.4999976654053
24,220,380191,1,0,0:0:0:0:
55,65,380576,1,0,0:0:0:0:
55,65,380768,1,0,0:0:0:0:
24,220,380960,6,0,P|49:220|74:224,1,50.9999984436036
41,310,381729,1,0,0:0:0:0:
55,64,382114,6,0,P|105:66|154:81,1,101.999996887207
229,136,383268,2,0,L|226:173,2,25.4999992218018
240,44,384037,5,0,0:0:0:0:
289,244,384422,1,0,0:0:0:0:
289,244,384806,2,0,P|252:250|214:252,1,76.4999976654053
129,226,385576,2,0,L|129:276,1,50.9999984436036
198,337,386345,1,0,0:0:0:0:
198,337,386537,2,0,P|236:338|273:344,1,76.4999976654053
256,192,387210,12,0,388652,0:0:0:0:
69,62,390191,6,0,B|61:108|61:108|66:164,1,101.999996887207
163,197,390768,1,0,0:0:0:0:
163,197,390960,2,0,B|171:151|171:151|166:95,1,101.999996887207
279,39,391537,1,0,0:0:0:0:
262,148,391729,1,0,0:0:0:0:
69,62,391922,1,0,0:0:0:0:
279,39,392114,2,0,L|279:141,1,101.999996887207
262,148,392883,1,0,0:0:0:0:
69,62,393076,1,0,0:0:0:0:
279,39,393268,6,0,L|279:141,1,101.999996887207
163,197,393845,1,0,0:0:0:0:
163,197,394037,2,0,L|163:299,1,101.999996887207
146,306,394614,1,0,0:0:0:0:
63,240,394806,1,0,0:0:0:0:
277,292,394999,1,0,0:0:0:0:
47,344,395191,1,0,0:0:0:0:
293,188,395575,2,0,P|343:184|394:192,1,101.999996887207
96,155,396345,6,0,B|157:136|244:171|244:171|335:210|392:192,1,305.999990661621
383,103,397691,1,0,0:0:0:0:
247,208,397883,1,0,0:0:0:0:
347,19,398075,1,0,0:0:0:0:
123,70,398268,1,0,0:0:0:0:
245,24,398652,2,0,L|346:19,1,101.999996887207
22,65,399422,6,0,P|72:61|124:70,1,101.999996887207
246,24,400191,2,0,P|296:28|348:19,1,101.999996887207
124,71,400960,1,0,0:0:0:0:
226,154,401152,1,0,0:0:0:0:
246,24,401345,1,0,0:0:0:0:
246,24,401729,5,0,0:0:0:0:
257,232,401922,1,0,0:0:0:0:
261,240,401986,1,0,0:0:0:0:
265,248,402050,1,0,0:0:0:0:
269,256,402114,1,0,0:0:0:0:
124,71,402306,1,0,0:0:0:0:
375,149,402499,6,0,P|300:137|226:154,1,152.999995330811
24,79,403268,2,0,P|74:69|124:71,1,101.999996887207
140,157,403845,1,0,0:0:0:0:
371,99,404037,1,0,0:0:0:0:
371,99,404229,2,0,L|375:149,1,50.9999984436036
301,195,404614,1,0,0:0:0:0:
246,24,404806,2,0,L|246:126,1,101.999996887207
467,57,405575,5,0,0:0:0:0:
375,149,405768,1,0,0:0:0:0:
500,182,405960,1,0,0:0:0:0:
467,57,406345,2,0,B|433:43|433:43|368:49,1,101.999996887207
8,291,407114,5,0,0:0:0:0:
41,166,407306,1,0,0:0:0:0:
133,258,407499,1,0,0:0:0:0:
8,291,407691,1,0,0:0:0:0:
41,166,407884,2,0,B|75:152|75:152|141:158,1,101.999996887207
136,360,408652,2,0,L|133:256,1,101.999996887207
246,126,409422,2,0,L|244:228,1,101.999996887207
134,259,410191,1,0,0:0:0:0:
355,220,410383,1,0,0:0:0:0:
154,122,410575,1,0,0:0:0:0:
260,321,410960,1,0,0:0:0:0:
291,99,411345,1,0,0:0:0:0:
355,220,411537,1,0,0:0:0:0:
427,104,411729,5,0,0:0:0:0:
154,122,411922,1,0,0:0:0:0:
355,220,412114,2,0,B|346:169|304:114,2,101.999996887207
512,2,413268,1,0,0:0:0:0:
154,122,413652,1,0,0:0:0:0:
436,372,414037,1,0,0:0:0:0:
355,220,414229,1,0,0:0:0:0:
355,212,414293,1,0,0:0:0:0:
355,204,414357,1,0,0:0:0:0:
355,196,414421,1,0,0:0:0:0:
375,306,414614,1,0,0:0:0:0:
375,306,414806,6,0,B|301:304|301:304|286:320|286:320|211:318,1,170
128,278,417114,1,0,0:0:0:0:
375,306,417883,6,0,B|301:304|301:304|286:320|286:320|211:318,1,170
128,278,419806,1,0,0:0:0:0:
128,278,420191,1,0,0:0:0:0:
128,278,420576,1,0,0:0:0:0:
375,306,420960,6,0,B|301:304|301:304|286:320|286:320|211:318,1,170
128,278,423268,1,0,0:0:0:0:
128,278,423652,1,0,0:0:0:0:
375,306,424037,6,0,B|301:304|301:304|286:320|286:320|211:318,1,170
128,278,426345,1,0,0:0:0:0:
128,278,426729,1,0,0:0:0:0:
417,5,427114,6,0,B|431:45|426:88|426:88|461:68|507:68,1,170
416,3,430191,2,0,B|431:45|426:88|426:88|461:68|507:68,1,170
26,357,433268,6,0,B|6:162|6:162|84:99|186:150|127:255|41:252|41:252|126:280|166:355,1,637.5
258,238,439229,2,0,B|313:240|355:210|355:210|331:114|219:110|111:223|233:410|400:290,1,578
